% Module: Sweep, ID: c1p10t17p1cfm0
% Device: dev1389
% Time: 2020/02/17 16:05:55
% Demod 3 Sample R,  /module/c1p10t17p1cf/sweep/dev1389/demods/2/sample.R
% Phase (deg); Demod 3 Sample R Amplitude (V)
-1080; 2.15215957303
-1069.145728643216; 2.1529968357
-1058.291457286432; 2.15374356041
-1047.437185929648; 2.1545228718
-1036.582914572864; 2.15527949392
-1025.72864321608; 2.15592820491
-1014.874371859297; 2.15593025557
-1004.020100502513; 2.15239858308
-993.1658291457286; 2.14187520827
-982.3115577889447; 2.12065982587
-971.4572864321608; 2.06995288963
-960.6030150753769; 1.97648352089
-949.748743718593; 1.86532537114
-938.894472361809; 1.75120342667
-928.0402010050251; 1.64272098595
-917.1859296482412; 1.52510886206
-906.3316582914573; 1.41153310775
-895.4773869346734; 1.3021562313
-884.6231155778894; 1.18781384191
-873.7688442211055; 1.07522873543
-862.9145728643216; 0.959909418909
-852.0603015075377; 0.846265855129
-841.2060301507538; 0.735301046816
-830.3517587939698; 0.621239030443
-819.4974874371859; 0.505241997649
-808.643216080402; 0.398085751675
-797.788944723618; 0.280816055344
-786.9346733668342; 0.165689607153
-776.0804020100502; 0.0548096290785
-765.2261306532663; 0.017536906586
-754.3718592964824; 0.0165406860917
-743.5175879396984; 0.0160248221324
-732.6633165829146; 0.0160219923897
-721.8090452261306; 0.0157286872582
-710.9547738693467; 0.0159169370054
-700.1005025125628; 0.0158686330934
-689.2462311557788; 0.0157588147006
-678.391959798995; 0.015850196598
-667.537688442211; 0.0159052469344
-656.6834170854271; 0.0158210317992
-645.8291457286432; 0.015452433212
-634.9748743718592; 0.0153675144765
-624.1206030150754; 0.0156511015828
-613.2663316582914; 0.0149704849513
-602.4120603015075; 0.0153628270261
-591.5577889447236; 0.015306796168
-580.7035175879396; 0.0154974796892
-569.8492462311558; 0.0154717554351
-558.9949748743718; 0.0152060037927
-548.1407035175879; 0.0156698192392
-537.286432160804; 0.0154845819934
-526.4321608040201; 0.0154777583301
-515.5778894472361; 0.0155442103961
-504.7236180904522; 0.0155545286942
-493.8693467336683; 0.0155973513841
-483.0150753768844; 0.0154862108848
-472.1608040201005; 0.0156439909972
-461.3065326633165; 0.0154534106944
-450.4522613065326; 0.0154464450008
-439.5979899497487; 0.0154506536383
-428.7437185929648; 0.0154857733713
-417.8894472361809; 0.015501342701
-407.0351758793969; 2.18241252182
-396.180904522613; 2.17845048445
-385.3266331658291; 2.17645628177
-374.4723618090452; 2.17510502428
-363.6180904522613; 2.17414804726
-352.7638190954773; 2.173310063
-341.9095477386934; 2.17266366511
-331.0552763819095; 2.17223278212
-320.2010050251256; 2.17179301818
-309.3467336683417; 2.17153552892
-298.4924623115577; 2.17083464262
-287.6381909547738; 2.16754158639
-276.7839195979899; 2.15884742487
-265.929648241206; 2.13929342319
-255.0753768844221; 2.09720009142
-244.2211055276381; 2.01253346782
-233.3668341708542; 1.90236752303
-222.5125628140703; 1.78978668652
-211.6582914572864; 1.67751082677
-200.8040201005025; 1.56232640044
-189.9497487437185; 1.44898439479
-179.0954773869346; 1.33668135144
-168.2412060301507; 1.22280891409
-157.3869346733668; 1.11349679035
-146.5326633165829; 0.996281864377
-135.6783919597989; 0.88495786283
-124.824120603015; 0.774555764261
-113.9698492462311; 0.65644382016
-103.1155778894472; 0.546796569485
-92.2613065326633; 0.431538223018
-81.40703517587929; 0.317807192161
-70.55276381909539; 0.208029738054
-59.69849246231149; 0.0942705742548
-48.84422110552759; 0.0190795233186
-37.98994974874358; 0.0164722390744
-27.1356783919598; 0.0158426762884
-16.28140703517579; 0.0161157633843
-5.427135678391778; 0.0161300528489
5.427135678392006; 0.0159732944954
16.28140703517602; 0.0154572061452
27.1356783919598; 0.0154788489826
37.98994974874381; 0.0152438717827
48.84422110552782; 0.0153654130338
59.69849246231161; 0.0155809340795
70.55276381909562; 0.0155274695444
81.4070351758794; 0.0155447568737
92.26130653266341; 0.0157720463304
103.1155778894474; 0.0152263759435
113.9698492462312; 0.0156405432746
124.8241206030152; 0.0154992750266
135.678391959799; 0.0155105600884
146.532663316583; 0.0154383396653
157.386934673367; 0.0156004159755
168.2412060301508; 0.0157715742413
179.0954773869348; 0.0156124246957
189.9497487437186; 0.0155811117996
200.8040201005026; 0.0154691120467
211.6582914572866; 0.0151486524996
222.5125628140704; 0.015496898067
233.3668341708544; 0.015532736335
244.2211055276382; 0.015438843897
255.0753768844222; 0.0154775114318
265.9296482412062; 0.0155378822778
276.78391959799; 0.0154411485956
287.638190954774; 0.0152420076341
298.4924623115578; 0.0153858456843
309.3467336683418; 2.18399333871
320.2010050251258; 2.1795059744
331.0552763819096; 2.17739151938
341.9095477386936; 2.17582148526
352.7638190954774; 2.17458690036
363.6180904522614; 2.17384745502
374.4723618090454; 2.1731827864
385.3266331658292; 2.17263061864
396.1809045226132; 2.17233567414
407.035175879397; 2.17200260211
417.889447236181; 2.17159366977
428.743718592965; 2.16981377672
439.5979899497488; 2.16306866299
450.4522613065328; 2.14788711867
461.3065326633166; 2.1167174798
472.1608040201006; 2.04662406428
483.0150753768846; 1.93923174754
493.8693467336684; 1.82880878189
504.7236180904524; 1.71386648476
515.5778894472362; 1.60068822821
526.4321608040202; 1.49176413459
537.2864321608042; 1.37402065974
548.140703517588; 1.2607692448
558.994974874372; 1.14988311155
569.8492462311558; 1.0344955076
580.7035175879398; 0.924775000312
591.5577889447238; 0.809971307432
602.4120603015076; 0.694934869335
613.2663316582916; 0.583144409919
624.1206030150754; 0.468856001538
634.9748743718594; 0.355631609812
645.8291457286434; 0.243996195865
656.6834170854272; 0.128317744974
667.5376884422112; 0.0188515812471
678.391959798995; 0.0161757847115
689.246231155779; 0.0160727224306
700.100502512563; 0.0159509769511
710.9547738693468; 0.0160037506769
721.8090452261308; 0.0157677221968
732.6633165829146; 0.0156291324193
743.5175879396986; 0.0154897340986
754.3718592964826; 0.0156645817384
765.2261306532664; 0.015806610145
776.0804020100504; 0.0154052782275
786.9346733668342; 0.0154629752941
797.7889447236182; 0.0154827626561
808.6432160804022; 0.0154141595118
819.497487437186; 0.0152708033233
830.35175879397; 0.0152698875731
841.2060301507538; 0.0153282431903
852.0603015075378; 0.0153109595768
862.9145728643218; 0.0151722580979
873.7688442211056; 0.0153170924244
884.6231155778896; 0.0153235245324
895.4773869346734; 0.0153279937056
906.3316582914574; 0.0152453289286
917.1859296482414; 0.015084753264
928.0402010050252; 0.0153968376728
938.8944723618092; 0.0154918843099
949.748743718593; 0.0150108886038
960.603015075377; 0.0153258469609
971.4572864321608; 0.0153321393605
982.3115577889448; 0.0149842510297
993.1658291457288; 0.014957916652
1004.020100502513; 0.015113894966
1014.874371859297; 0.0150788557559
1025.72864321608; 2.18465284188
1036.582914572864; 2.17978295799
1047.437185929648; 2.1778584904
1058.291457286432; 2.17642556584
1069.145728643216; 2.17524583991
1080; 2.17455306297
1080; 2.17337039836
1069.145728643216; 2.17143191126
1058.291457286432; 2.16956622859
1047.437185929648; 2.16783987656
1036.582914572864; 2.1661836639
1025.72864321608; 2.16470221201
1014.874371859297; 2.16393582198
1004.020100502513; 2.16312935402
993.1658291457288; 2.16242076557
982.3115577889448; 2.1617088749
971.4572864321608; 2.16113724317
960.603015075377; 2.16053885184
949.748743718593; 2.15996878861
938.8944723618092; 2.15945079341
928.0402010050252; 2.1589630021
917.1859296482414; 2.15843228118
906.3316582914574; 2.1581270693
895.4773869346734; 2.15774056088
884.6231155778896; 2.15736020089
873.7688442211056; 2.15715116506
862.9145728643218; 2.15691553799
852.0603015075378; 2.15659491372
841.2060301507538; 2.156350627
830.35175879397; 2.156127578
819.497487437186; 2.15587802444
808.6432160804022; 2.15566784245
797.7889447236182; 2.1554756843
786.9346733668342; 2.15515613115
776.0804020100504; 2.15493523257
765.2261306532664; 2.15465190255
754.3718592964826; 2.15455237805
743.5175879396986; 2.15428340891
732.6633165829146; 2.15402581093
721.8090452261308; 2.15376808751
710.9547738693468; 2.15353475796
700.100502512563; 2.15328290651
689.246231155779; 2.15302915169
678.391959798995; 2.15288580347
667.5376884422112; 0.219343596647
656.6834170854272; 0.125493210521
645.8291457286434; 0.238387783273
634.9748743718594; 0.348726696553
624.1206030150754; 0.458876547122
613.2663316582916; 0.573229457614
602.4120603015076; 0.687668162341
591.5577889447238; 0.800576820378
580.7035175879398; 0.915978821309
569.8492462311558; 1.02505671798
558.994974874372; 1.1388437194
548.140703517588; 1.25042776632
537.2864321608042; 1.36480231351
526.4321608040202; 1.47850628265
515.5778894472362; 1.59083314432
504.7236180904524; 1.70463392919
493.8693467336684; 1.82038222758
483.0150753768846; 1.93259231874
472.1608040201006; 2.03987658425
461.3065326633166; 2.11390551508
450.4522613065328; 2.14552028137
439.5979899497488; 2.16036748452
428.743718592965; 2.16599503914
417.889447236181; 2.16663513436
407.035175879397; 2.16560304076
396.1809045226132; 2.16437232182
385.3266331658292; 2.16333573154
374.4723618090454; 2.16213039399
363.6180904522614; 2.16109391396
352.7638190954774; 2.16007838214
341.9095477386936; 2.15906907033
331.0552763819096; 2.1580358283
320.2010050251258; 2.15703206163
309.3467336683418; 2.1559911743
298.4924623115578; 2.1556902758
287.638190954774; 2.15544185071
276.78391959799; 2.15532700123
265.9296482412062; 2.15513528363
255.0753768844222; 2.15492253335
244.2211055276382; 2.15478296714
233.3668341708544; 2.15464102583
222.5125628140704; 2.15447885702
211.6582914572866; 2.15429516008
200.8040201005026; 2.15420794081
189.9497487437186; 2.15407141691
179.0954773869348; 2.15390603434
168.2412060301508; 2.15376583886
157.386934673367; 2.1535958719
146.532663316583; 2.15341757318
135.678391959799; 2.15328934707
124.8241206030152; 2.15316093879
113.9698492462312; 2.15299767133
103.1155778894474; 2.15287240279
92.26130653266341; 2.15269465002
81.4070351758794; 2.15264650587
70.55276381909562; 2.15247359602
59.69849246231161; 2.1523966886
48.84422110552782; 2.15224921248
37.98994974874381; 2.15214516414
27.1356783919598; 2.15200475827
16.28140703517602; 2.15187287903
5.427135678392006; 2.15174737412
-5.427135678391778; 2.15155860338
-16.28140703517579; 2.15145326577
-27.1356783919598; 2.15134651301
-37.98994974874358; 2.15130475042
-48.84422110552759; 2.15125491367
-59.69849246231149; 0.171761449143
-70.55276381909539; 0.202934152005
-81.40703517587929; 0.311178325519
-92.2613065326633; 0.425217698648
-103.1155778894472; 0.534622204199
-113.9698492462311; 0.649245061823
-124.824120603015; 0.764260460685
-135.6783919597989; 0.876664492304
-146.5326633165829; 0.989647767463
-157.3869346733668; 1.10112448637
-168.2412060301507; 1.21532897512
-179.0954773869346; 1.33077356729
-189.9497487437185; 1.44258761346
-200.8040201005025; 1.55403972107
-211.6582914572864; 1.66940194979
-222.5125628140703; 1.78168637683
-233.3668341708542; 1.89390279871
-244.2211055276381; 2.00798848285
-255.0753768844221; 2.09461411685
-265.929648241206; 2.13673374372
-276.7839195979899; 2.15559950773
-287.6381909547738; 2.16353416223
-298.4924623115577; 2.1655784553
-309.3467336683417; 2.16489436931
-320.2010050251256; 2.16387674885
-331.0552763819095; 2.16266452109
-341.9095477386934; 2.16162331203
-352.7638190954773; 2.16057489628
-363.6180904522613; 2.15951694092
-374.4723618090452; 2.15847346432
-385.3266331658291; 2.15750366222
-396.180904522613; 2.15644453458
-407.0351758793969; 2.15551055961
-417.8894472361809; 2.15484659554
-428.7437185929648; 2.15470808334
-439.5979899497487; 2.15448471841
-450.4522613065326; 2.15434901674
-461.3065326633165; 2.1542722702
-472.1608040201005; 2.15410376473
-483.0150753768844; 2.15396911633
-493.8693467336683; 2.15385418103
-504.7236180904522; 2.15381010827
-515.5778894472361; 2.15368083096
-526.4321608040201; 2.15365976739
-537.286432160804; 2.15364948377
-548.1407035175879; 2.15356794211
-558.9949748743718; 2.15354321985
-569.8492462311558; 2.15340697796
-580.7035175879396; 2.15339431731
-591.5577889447236; 2.15330125557
-602.4120603015075; 2.15326698416
-613.2663316582914; 2.15315684383
-624.1206030150754; 2.15312769986
-634.9748743718592; 2.1530725427
-645.8291457286432; 2.15304813831
-656.6834170854271; 2.15299428558
-667.537688442211; 2.15289999953
-678.391959798995; 2.15280299749
-689.2462311557788; 2.15268688985
-700.1005025125628; 2.15265636572
-710.9547738693467; 2.15266296921
-721.8090452261306; 2.15270186999
-732.6633165829146; 2.15275122779
-743.5175879396984; 2.15268363847
-754.3718592964824; 2.15270006117
-765.2261306532663; 2.1527582382
-776.0804020100502; 0.15887408105
-786.9346733668342; 0.162167144139
-797.788944723618; 0.275141654191
-808.643216080402; 0.387792813525
-819.4974874371859; 0.500020304356
-830.3517587939698; 0.611139626845
-841.2060301507538; 0.723948862555
-852.0603015075377; 0.835112581536
-862.9145728643216; 0.951621745738
-873.7688442211055; 1.06460743672
-884.6231155778894; 1.17765589717
-895.4773869346734; 1.2917697535
-906.3316582914573; 1.40381475478
-917.1859296482412; 1.51726144573
-928.0402010050251; 1.63109160388
-938.894472361809; 1.74451408081
-949.748743718593; 1.85933468123
-960.6030150753769; 1.96842774641
-971.4572864321608; 2.07081053644
-982.3115577889447; 2.12709789379
-993.1658291457286; 2.1522645062
-1004.020100502513; 2.16330484125
-1014.874371859297; 2.16702585948
-1025.72864321608; 2.16686406399
-1036.582914572864; 2.16575236994
-1047.437185929648; 2.16470906094
-1058.291457286432; 2.16350717703
-1069.145728643216; 2.16241282972
-1080; 2.16130187221
